1 0.49375 0.4515625 0.04296875 0.08671875
0 0.5234375 0.38515625 0.02421875 0.01484375
0 0.6984375 0.49609375 0.01875 0.009375
0 0.78828125 0.50078125 0.0203125 0.01171875
0 0.81484375 0.5 0.01875 0.01015625
0 0.75625 0.55234375 0.02421875 0.01484375
0 0.22890625 0.49453125 0.028125 0.01015625
0 0.19140625 0.53515625 0.02421875 0.01328125
0 0.278125 0.5328125 0.021875 0.01328125
0 0.2015625 0.55859375 0.0296875 0.01328125
0 0.21015625 0.5953125 0.03515625 0.01953125
0 0.27109375 0.58046875 0.03515625 0.01875
0 0.3546875 0.603125 0.03515625 0.01875
0 0.559375 0.65078125 0.040625 0.02421875
0 0.865625 0.8359375 0.06484375 0.03828125