1 0.490625 0.45 0.06640625 0.0875
0 0.70390625 0.90390625 0.078125 0.05
0 0.5765625 0.62890625 0.04609375 0.03046875
0 0.6859375 0.58671875 0.04296875 0.02578125
0 0.8140625 0.57109375 0.03125 0.01640625
0 0.74296875 0.53125 0.02578125 0.01484375
0 0.80546875 0.53359375 0.02578125 0.015625
0 0.7453125 0.50390625 0.02421875 0.01171875
0 0.7109375 0.49296875 0.01484375 0.00859375
0 0.69296875 0.5015625 0.01875 0.01328125
0 0.6359375 0.48828125 0.0203125 0.0125
0 0.28203125 0.53046875 0.028125 0.01328125
0 0.290625 0.49453125 0.01875 0.01484375
0 0.2109375 0.49609375 0.02578125 0.01484375
0 0.35546875 0.490625 0.021875 0.0125