1 0.49453125 0.45078125 0.03671875 0.084375
0 0.559375 0.65078125 0.0515625 0.028125
0 0.753125 0.55234375 0.028125 0.01640625
0 0.8015625 0.50234375 0.0296875 0.01640625
0 0.9765625 0.540625 0.028125 0.0125
0 0.365625 0.61484375 0.03515625 0.01953125
0 0.35546875 0.60234375 0.03359375 0.021875
0 0.20859375 0.59609375 0.03515625 0.01875
0 0.271875 0.58046875 0.03359375 0.021875
0 0.2 0.56015625 0.021875 0.01484375
0 0.18984375 0.5359375 0.02421875 0.01328125
0 0.28125 0.53359375 0.0296875 0.015625
0 0.225 0.496875 0.0203125 0.01484375
0 0.540625 0.453125 0.01875 0.01640625