1 0.49921875 0.4515625 0.05390625 0.08671875
0 0.44296875 0.48203125 0.021875 0.0125
0 0.4109375 0.4859375 0.01875 0.009375
0 0.3046875 0.49453125 0.01328125 0.009375
0 0.209375 0.5 0.021875 0.0125
0 0.24921875 0.55390625 0.028125 0.01796875
0 0.4390625 0.65078125 0.040625 0.02578125
0 0.72890625 0.5796875 0.03515625 0.021875
0 0.64296875 0.6046875 0.040625 0.021875
0 0.72109375 0.53515625 0.028125 0.015625
0 0.771875 0.4953125 0.01484375 0.009375
0 0.80859375 0.53515625 0.02421875 0.0125
0 0.79921875 0.559375 0.03125 0.01640625
0 0.78984375 0.59609375 0.03125 0.01875