1 0.49296875 0.45078125 0.03671875 0.08671875
0 0.63984375 0.46953125 0.028125 0.01953125
0 0.7515625 0.55390625 0.0296875 0.01953125
0 0.69375 0.4953125 0.0203125 0.01171875
0 0.81484375 0.50078125 0.01875 0.01171875
0 0.79140625 0.50078125 0.0203125 0.01171875
0 0.58515625 0.48671875 0.01484375 0.009375
0 0.2265625 0.49453125 0.0203125 0.01015625
0 0.19296875 0.5359375 0.02578125 0.01171875
0 0.27890625 0.5328125 0.028125 0.015625
0 0.19921875 0.559375 0.028125 0.01484375
0 0.20859375 0.59609375 0.03515625 0.02109375
0 0.2703125 0.58046875 0.03359375 0.01640625
0 0.359375 0.6015625 0.03359375 0.021875
0 0.55703125 0.64921875 0.03671875 0.02109375
0 0.36796875 0.61640625 0.03125 0.021875
0 0.84296875 0.834375 0.07421875 0.04609375