1 0.50078125 0.4515625 0.05390625 0.08671875
0 0.55703125 0.48203125 0.021875 0.0125
0 0.5890625 0.4859375 0.01875 0.009375
0 0.6953125 0.49453125 0.01328125 0.009375
0 0.790625 0.5 0.021875 0.0125
0 0.75078125 0.55390625 0.028125 0.01796875
0 0.5609375 0.65078125 0.040625 0.02578125
0 0.27109375 0.5796875 0.03515625 0.021875
0 0.35703125 0.6046875 0.040625 0.021875
0 0.27890625 0.53515625 0.028125 0.015625
0 0.228125 0.4953125 0.01484375 0.009375
0 0.19140625 0.53515625 0.02421875 0.0125
0 0.20078125 0.559375 0.03125 0.01640625
0 0.21015625 0.59609375 0.03125 0.01875