1 0.509375 0.45 0.06640625 0.0875
0 0.29609375 0.90390625 0.078125 0.05
0 0.4234375 0.62890625 0.04609375 0.03046875
0 0.3140625 0.58671875 0.04296875 0.02578125
0 0.1859375 0.57109375 0.03125 0.01640625
0 0.25703125 0.53125 0.02578125 0.01484375
0 0.19453125 0.53359375 0.02578125 0.015625
0 0.2546875 0.50390625 0.02421875 0.01171875
0 0.2890625 0.49296875 0.01484375 0.00859375
0 0.30703125 0.5015625 0.01875 0.01328125
0 0.3640625 0.48828125 0.0203125 0.0125
0 0.71796875 0.53046875 0.028125 0.01328125
0 0.709375 0.49453125 0.01875 0.01484375
0 0.7890625 0.49609375 0.02578125 0.01484375
0 0.64453125 0.490625 0.021875 0.0125